.Random.seed <-
c(403L, 224L, 1948218519L, 1244695966L, -1787603852L, 2069037907L, 
1875410986L, -1434051792L, 1841248957L, -531634665L, -511036994L, 
2144879524L, -986013806L, 132309197L, -2050859416L, 133999407L, 
656786299L, 1932642584L, -2046294355L, -1015402334L, -1561782644L, 
1456265389L, -1502279469L, -1326973968L, 521490949L, 528740388L, 
-43760681L, -1752868211L, -1458936752L, -317422348L, 1980629483L, 
-2085267703L, -1446143708L, -1321668705L, -1024994740L, -2136592576L, 
-1061432886L, 575572806L, -820037006L, -1663340725L, 947538229L, 
-2034443637L, 1268574158L, 348179052L, -1007639149L, -132394101L, 
-1144466795L, -1354161544L, 629362959L, 1712058207L, 1313025125L, 
1571382363L, 1587035122L, -491689286L, 1755814107L, -709755962L, 
1363261416L, -1707425846L, -1845763994L, 374641674L, -134578110L, 
-2048105819L, -2107017314L, 1097169933L, 1961304354L, -1660414090L, 
1896465227L, 1022365309L, -849659782L, 1924694063L, 1053300588L, 
946897963L, -8240246L, 1318955854L, 2047687432L, 1156901440L, 
-209098956L, -1131669036L, 1132162235L, -1851544040L, -396524991L, 
857394223L, -1759066321L, -1666223387L, -1707716922L, -380713727L, 
785494992L, -890731385L, -2088268038L, 715961963L, 1953763827L, 
-1997697455L, -1880754293L, 908323086L, -1957874250L, -1698502804L, 
918075388L, 297342997L, 63713611L, -1663032139L, -638503014L, 
1745753401L, 449724602L, -193657305L, 1150109201L, 955896499L, 
-941752714L, 703173402L, -962897973L, 2030642319L, -1008541718L, 
1299753319L, 1098623272L, -563274809L, 40618775L, -550079837L, 
976380180L, -1029795376L, 1442096806L, -92691454L, -1581492951L, 
-115131515L, 244737544L, -697057460L, -426139333L, 1670244562L, 
-700236097L, 1809322046L, 432896478L, -1367507048L, -1335789165L, 
-836183045L, -222725367L, -2025117328L, 1910926145L, 759536348L, 
1498309063L, 1136382719L, 286035L, 2023790629L, -1150758245L, 
-186548630L, 410347880L, 1201513840L, -2025301255L, -923895369L, 
387921375L, -79631774L, -330400282L, 1467664287L, -873948436L, 
-1636431870L, 312558683L, 2125324898L, -149562119L, -1933367159L, 
-835724561L, 1607723631L, -980496785L, -1682313020L, 79491275L, 
322016170L, 2091870844L, 832597329L, -925325250L, -1615809505L, 
2010179178L, -67945528L, 1799887286L, 1803387768L, 1541888448L, 
-1682552534L, -1921906749L, -1749539933L, 103097189L, -1745205102L, 
-2107704414L, -2137586368L, 1734438200L, -1533701242L, 1161662329L, 
-550281706L, -1959802343L, -1858477775L, -2024640804L, -35119026L, 
-1575707133L, 773112390L, 1077007539L, 392588638L, -1575291209L, 
932459648L, 319182406L, -2124639456L, -723345231L, -1924924101L, 
-496367633L, -1829364478L, 1228702837L, 585330227L, -12356659L, 
-428382736L, 1063605550L, 262249636L, 1141214418L, 14074763L, 
-1141680785L, -371526499L, -1701618802L, -518361931L, 1954093149L, 
1377896467L, -1781075805L, -1474143994L, 1221465549L, 181575557L, 
-757118721L, 1349932010L, -1540857583L, -1355902518L, -89620838L, 
415981753L, -1698483107L, -1771019457L, 1950063826L, 373303391L, 
1466139872L, 1229120512L, 2126628700L, -1766573823L, 415258696L, 
-924478887L, 1189210466L, -1625464633L, 150685603L, -1825723696L, 
470578636L, 979513540L, 1199662087L, 1296655403L, 996190182L, 
1591861138L, 1923163688L, -944887628L, -45876254L, -415143271L, 
-2046939722L, 1558668278L, -1984349093L, 1315665931L, -1600789742L, 
995943552L, -27338345L, 158834829L, -308838808L, -210977581L, 
-1595376157L, 2089217256L, 1771871046L, 697339421L, 464269982L, 
1209924358L, 543054238L, 16789553L, -447480663L, -830584389L, 
-1592948644L, 1453781649L, -106251077L, -1767676615L, 444573875L, 
1236017988L, -1520882457L, -638283489L, -333345350L, -906781204L, 
172380799L, -1692836971L, 1904163044L, 263957541L, 98752421L, 
725295710L, -1616343999L, 990264026L, -1715772939L, 1805853782L, 
-400475977L, 579556216L, 1143500355L, 1841198189L, 631498940L, 
-1678930577L, -337444360L, -1771733384L, -1202060337L, 1563650327L, 
-1701688207L, 1010569491L, -1650053387L, -1112742106L, 746399454L, 
931186006L, 1573586900L, 675067275L, 1661582624L, 24620710L, 
-472995585L, -769251671L, -4485846L, -1506529668L, 1821611573L, 
747111124L, 1458962736L, 293823400L, 1943072864L, 1165172389L, 
-263612211L, -1706570987L, 235663994L, -35823315L, -1713020934L, 
-1388170322L, 1981380875L, 433272901L, 528794932L, 811632489L, 
-1299713922L, 1837485900L, 1330170168L, 636083814L, -542723784L, 
-616817296L, -716009801L, -1772630711L, 261835706L, 850808130L, 
1115757190L, -1655110999L, 531307998L, -1777062871L, -1791292528L, 
1406988830L, 1504536318L, 904051683L, 818870977L, -308228004L, 
-887047125L, -466206845L, 1756424726L, 1777080290L, 1781620349L, 
-1460712055L, 730950379L, -1829570458L, 742844998L, 90386887L, 
1010786107L, 2047178777L, -2105723009L, 1092565881L, 452805401L, 
536454294L, 493092649L, -1428842198L, -520374681L, -377454325L, 
-480388289L, -203741866L, -6046521L, -349347778L, 430558385L, 
-1829075788L, 659691250L, -1468301717L, -1488504031L, -852500439L, 
-537281499L, -1293395092L, 962725658L, -1275960677L, 1157764447L, 
482367006L, 1690707322L, -782324656L, 489020107L, -1790926818L, 
861855913L, -268329761L, -2013348648L, -346734948L, -1984203480L, 
-318810069L, -2024597447L, 884638365L, 174347930L, -145453375L, 
-706503449L, -1400955327L, -612833692L, -2068027238L, -35888438L, 
-1551525477L, -1407593954L, 1720027289L, 1155506280L, -1346276984L, 
1746529060L, 356091982L, 1417832179L, -75783846L, -352542032L, 
-328011857L, -1783297497L, -1027868282L, 711603430L, -1768607109L, 
-796200784L, -806828897L, 1098349302L, -857147297L, -2090222571L, 
-1982182888L, -912628630L, -411014458L, -609270303L, -1650356723L, 
-950016063L, -84585543L, -464998492L, 1415901197L, 1887876247L, 
-1559963321L, 2014216083L, 1978544643L, 33655836L, -150327285L, 
-859842018L, -1058326489L, 318128162L, 313047537L, 544247024L, 
1020924141L, 440463249L, -998362972L, -1054654369L, -516294423L, 
430281716L, -469582921L, -1327267526L, -1609164389L, -527676150L, 
1396590692L, 1464239451L, -1382870039L, 1224888799L, 134728684L, 
-990613706L, 977797044L, -1738775339L, -86205543L, 135829636L, 
-363847098L, 1545915716L, 1780798908L, -595783171L, -1065299903L, 
-1438806600L, -1937500957L, 28999374L, -478989662L, 1202697102L, 
-1841091672L, 269800910L, -885721537L, 1751577354L, 517038751L, 
819760228L, 877598977L, -2074482886L, -267314704L, 1539132198L, 
1550913853L, -395933527L, -1630320901L, -1582624818L, -40767186L, 
2035142661L, 1264243089L, 1330800300L, -1289663310L, -1309357956L, 
1363366687L, -800174887L, -899696686L, 896990049L, -2035716452L, 
-1288952214L, 1426309101L, -2117596216L, 696122990L, -950276265L, 
-1999111683L, -1433794130L, 2030221228L, -1472550181L, -1214092461L, 
-1468479002L, -1762863514L, -1188477564L, 1859976304L, -97186124L, 
-17935479L, 2020093759L, -472670710L, 755418316L, 829089394L, 
1217308991L, 1976341640L, -1002168738L, -1540437254L, 1382616883L, 
-1044318978L, 1033494814L, -1624799768L, -1574956618L, -718170742L, 
-1146319030L, -1269020232L, -972523523L, -1871778288L, 1609890927L, 
-870859512L, -1421759808L, -1724011126L, -1543111716L, -443523585L, 
742678528L, -2022436929L, -1656317129L, -86523954L, 75552096L, 
1988788769L, 514265868L, -151964967L, -1891195127L, -1066953312L, 
-652211111L, -319665123L, -1927812937L, -147889286L, -1297569009L, 
-563645977L, -1159258823L, 1622547127L, 1184811645L, -665438651L, 
-1810909826L, 1901328483L, -1745120694L, -1752142779L, 763832768L, 
-156405059L, -671084331L, 1570325094L, 1479429588L, 1835540812L, 
-625780318L, -732195813L, 1468192020L, 3616086L, -1392176529L, 
-436177869L, 1325428536L, -1464336299L, -364577900L, 1775243218L, 
1844292652L, -1273839665L, 427001989L, -932288961L, -539451840L, 
-2138900980L, 190600557L, 1994170586L, 196443152L, -946657462L, 
-113066825L, -1987982512L, 541291677L, -775268748L, -1260360397L, 
967258404L, -1401283098L, -1801746783L, 2029371024L, -266762667L, 
-89831243L, -1070953637L, -2138472290L, 1351974042L, -2076711564L, 
